5357
4253
3894
3039
2786
2159
1887
1817
1801
1730
1443
1322
1276
1255
1233
1140
1060
1034
1021
 984
 793
 727
 688
 677
 646
 640
 609
 602
 580
 558
 552
 519
 511
 499
 485
 478
 472
 467
 438
 401
 379
 374
 352
 346
 344
 334
 334
 331
 328
 319
 316
 315
 314
 313
 308
 284
 281
 278
 276
 270
 267
 257
 254
 252
 248
 244
 241
 239
 238
 238
 234
 232
 227
 225
 216
 216
 215
 215
 215
 214
 213
 211
 209
 206
 204
 202
 198
 198
 191
 191
 184
 182
 181
 177
 177
 177
 176
 173
 172
 170
 170
 169
 168
 166
 164
 161
 160
 159
 159
 157
 156
 155
 154
 154
 153
 152
 147
 147
 147
 145
 144
 143
 140
 140
 139
 139
 138
 138
 136
 136
 135
 135
 133
 132
 132
 132
 131
 130
 126
 125
 125
 125
 124
 122
 118
 118
 118
 117
 116
 116
 116
 115
 114
 112
 112
 111
 111
 109
 108
 107
 106
 103
 102
 102
 100
  99
  98
  98
  98
  97
  97
  97
  96
  95
  95
  94
  93
  93
  93
  92
  91
  91
  91
  90
  88
  88
  88
  87
  87
  86
  86
  85
  85
  85
  85
  84
  84
  84
  83
  83
  83
  82
  82
  82
  82
  82
  81
  80
  80
  78
  77
  77
  77
  77
  76
  76
  76
  75
  74
  74
  73
  73
  73
  72
  72
  72
  70
  70
  70
  70
  70
  69
  69
  69
  69
  69
  68
  68
  68
  68
  67
  67
  66
  66
  66
  65
  65
  65
  63
  63
  62
  62
  61
  61
  61
  61
  61
  60
  60
  59
  59
  59
  59
  59
  58
  58
  57
  57
  57
  57
  57
  56
  56
  56
  56
  56
  55
  55
  55
  54
  54
  54
  54
  54
  54
  54
  53
  53
  52
  52
  52
  51
  51
  51
  51
  50
  50
  50
  50
  49
  49
  49
  49
  49
  49
  48
  48
  48
  48
  48
  47
  47
  47
  47
  46
  46
  46
  46
  46
  46
  46
  45
  45
  45
  45
  44
  44
  44
  43
  43
  43
  43
  43
  43
  43
  42
  42
  42
  42
  42
  42
  42
  42
  42
  42
  41
  41
  41
  41
  40
  40
  40
  40
  40
  40
  40
  39
  39
  39
  39
  39
  39
  39
  39
  39
  39
  39
  39
  38
  38
  38
  38
  38
  38
  38
  38
  38
  38
  38
  38
  37
  37
  37
  37
  37
  37
  37
  37
  36
  36
  36
  36
  36
  36
  36
  36
  35
  35
  35
  35
  35
  35
  35
  34
  34
  34
  34
  34
  34
  34
  34
  34
  33
  33
  33
  33
  33
  33
  33
  33
  33
  33
  33
  33
  33
  33
  33
  33
  33
  33
  32
  32
  32
  32
  32
  32
  32
  32
  32
  32
  32
  32
  32
  32
  32
  32
  32
  31
  31
  31
  31
  31
  31
  31
  31
  31
  31
  31
  31
  30
  30
  30
  30
  30
  30
  30
  30
  30
  30
  30
  29
  29
  29
  29
  29
  29
  29
  29
  29
  29
  29
  29
  28
  28
  28
  28
  28
  28
  28
  28
  28
  28
  28
  28
  28
  28
  27
  27
  27
  27
  27
  27
  27
  27
  27
  27
  27
  27
  27
  27
  27
  26
  26
  26
  26
  26
  26
  26
  26
  26
  26
  26
  26
  26
  26
  26
  26
  26
  26
  26
  26
  26
  26
  26
  26
  26
  26
  26
  25
  25
  25
  25
  25
  25
  25
  25
  25
  25
  25
  25
  25
  25
  25
  25
  25
  25
  25
  25
  25
  25
  25
  24
  24
  24
  24
  24
  24
  24
  24
  24
  24
  24
  24
  24
  24
  24
  24
  24
  24
  24
  24
  24
  24
  24
  24
  24
  23
  23
  23
  23
  23
  23
  23
  23
  23
  23
  23
  23
  23
  23
  23
  23
  23
  23
  23
  23
  23
  22
  22
  22
  22
  22
  22
  22
  22
  22
  22
  22
  22
  22
  22
  22
  22
  22
  22
  22
  21
  21
  21
  21
  21
  21
  21
  21
  21
  21
  21
  21
  21
  21
  21
  21
  21
  21
  21
  21
  21
  21
  21
  21
  21
  21
  21
  21
  21
  21
  21
  20
  20
  20
  20
  20
  20
  20
  20
  20
  20
  20
  20
  20
  20
  20
  20
  20
  20
  20
  20
  20
  20
  20
  19
  19
  19
  19
  19
  19
  19
  19
  19
  19
  19
  19
  19
  19
  19
  19
  19
  19
  19
  19
  19
  19
  19
  19
  19
  19
  19
  19
  19
  19
  19
  19
  19
  18
  18
  18
  18
  18
  18
  18
  18
  18
  18
  18
  18
  18
  18
  18
  18
  18
  18
  18
  18
  18
  18
  18
  18
  18
  18
  18
  18
  18
  18
  18
  18
  18
  18
  18
  18
  18
  18
  18
  18
  17
  17
  17
  17
  17
  17
  17
  17
  17
  17
  17
  17
  17
  17
  17
  17
  17
  17
  17
  17
  17
  17
  17
  17
  17
  17
  17
  17
  17
  17
  17
  17
  17
  17
  17
  17
  17
  17
  17
  17
  17
  17
  17
  17
  17
  17
  17
  17
  17
  17
  17
  17
  17
  17
  16
  16
  16
  16
  16
  16
  16
  16
  16
  16
  16
  16
  16
  16
  16
  16
  16
  16
  16
  16
  16
  16
  16
  16
  16
  16
  16
  16
  16
  16
  16
  16
  16
  16
  16
  16
  16
  16
  16
  15
  15
  15
  15
  15
  15
  15
  15
  15
  15
  15
  15
  15
  15
  15
  15
  15
  15
  15
  15
  15
  15
  15
  15
  15
  15
  15
  15
  15
  15
  15
  15
  15
  15
  15
  15
  15
  15
  15
  15
  15
  15
  15
  15
  15
  15
  15
  14
  14
  14
  14
  14
  14
  14
  14
  14
  14
  14
  14
  14
  14
  14
  14
  14
  14
  14
  14
  14
  14
  14
  14
  14
  14
  14
  14
  14
  14
  14
  14
  14
  14
  14
  14
  14
  14
  14
  14
  14
  14
  14
  14
  14
  14
  14
  14
  14
  14
  14
  14
  14
  14
  14
  13
  13
  13
  13
  13
  13
  13
  13
  13
  13
  13
  13
  13
  13
  13
  13
  13
  13
  13
  13
  13
  13
  13
  13
  13
  13
  13
  13
  13
  13
  13
  13
  13
  13
  13
  13
  13
  13
  13
  13
  13
  13
  13
  13
  13
  13
  13
  13
  13
  13
  13
  13
  12
  12
  12
  12
  12
  12
  12
  12
  12
  12
  12
  12
  12
  12
  12
  12
  12
  12
  12
  12
  12
  12
  12
  12
  12
  12
  12
  12
  12
  12
  12
  12
  12
  12
  12
  12
  12
  12
  12
  12
  12
  12
  12
  12
  12
  12
  12
  12
  12
  12
  12
  12
  12
  12
  12
  12
  12
  12
  12
  12
  12
  12
  12
  12
  12
  12
  12
  12
  12
  12
  12
  12
  12
  12
  12
  12
  12
  12
  12
  12
  12
  12
  11
  11
  11
  11
  11
  11
  11
  11
  11
  11
  11
  11
  11
  11
  11
  11
  11
  11
  11
  11
  11
  11
  11
  11
  11
  11
  11
  11
  11
  11
  11
  11
  11
  11
  11
  11
  11
  11
  11
  11
  11
  11
  11
  11
  11
  11
  11
  11
  11
  11
  11
  11
  11
  11
  11
  11
  11
  11
  11
  11
  11
  11
  11
  11
  11
  11
  11
  11
  11
  11
  11
  11
  11
  11
  11
  11
  11
  11
  11
  11
  11
  11
  11
  11
  11
  11
  11
  11
  11
  11
  11
  11
  11
  11
  11
  11
  11
  11
  11
  11
  11
  11
  10
  10
  10
  10
  10
  10
  10
  10
  10
  10
  10
  10
  10
  10
  10
  10
  10
  10
  10
  10
  10
  10
  10
  10
  10
  10
  10
  10
  10
  10
  10
  10
  10
  10
  10
  10
  10
  10
  10
  10
  10
  10
  10
  10
  10
  10
  10
  10
  10
  10
  10
  10
  10
  10
  10
  10
  10
  10
  10
  10
  10
  10
  10
  10
  10
  10
  10
  10
  10
  10
  10
  10
  10
  10
  10
  10
  10
  10
  10
  10
  10
  10
  10
  10
  10
  10
  10
  10
  10
  10
  10
  10
  10
  10
  10
  10
  10
  10
  10
  10
  10
  10
  10
  10
  10
  10
  10
  10
  10
  10
  10
  10
  10
  10
  10
  10
  10
  10
  10
  10
  10
  10
  10
  10
  10
   9
   9
   9
   9
   9
   9
   9
   9
   9
   9
   9
   9
   9
   9
   9
   9
   9
   9
   9
   9
   9
   9
   9
   9
   9
   9
   9
   9
   9
   9
   9
   9
   9
   9
   9
   9
   9
   9
   9
   9
   9
   9
   9
   9
   9
   9
   9
   9
   9
   9
   9
   9
   9
   9
   9
   9
   9
   9
   9
   9
   9
   9
   9
   9
   9
   9
   9
   9
   9
   9
   9
   9
   9
   9
   9
   9
   9
   9
   9
   9
   9
   9
   9
   9
   9
   9
   9
   9
   9
   9
   9
   9
   9
   9
   9
   9
   9
   9
   9
   9
   9
   9
   9
   9
   9
   9
   9
   9
   9
   9
   9
   9
   9
   9
   9
   9
   9
   9
   9
   9
   9
   9
   9
   9
   9
   9
   9
   9
   9
   9
   9
   9
   9
   9
   9
   9
   9
   9
   9
   9
   8
   8
   8
   8
   8
   8
   8
   8
   8
   8
   8
   8
   8
   8
   8
   8
   8
   8
   8
   8
   8
   8
   8
   8
   8
   8
   8
   8
   8
   8
   8
   8
   8
   8
   8
   8
   8
   8
   8
   8
   8
   8
   8
   8
   8
   8
   8
   8
   8
   8
   8
   8
   8
   8
   8
   8
   8
   8
   8
   8
   8
   8
   8
   8
   8
   8
   8
   8
   8
   8
   8
   8
   8
   8
   8
   8
   8
   8
   8
   8
   8
   8
   8
   8
   8
   8
   8
   8
   8
   8
   8
   8
   8
   8
   8
   8
   8
   8
   8
   8
   8
   8
   8
   8
   8
   8
   8
   8
   8
   8
   8
   8
   8
   8
   8
   8
   8
   8
   8
   8
   8
   8
   8
   8
   8
   8
   8
   8
   8
   8
   8
   8
   8
   8
   8
   8
   8
   8
   8
   8
   8
   8
   8
   8
   8
   8
   8
   8
   8
   8
   8
   8
   8
   8
   8
   8
   7
   7
   7
   7
   7
   7
   7
   7
   7
   7
   7
   7
   7
   7
   7
   7
   7
   7
   7
   7
   7
   7
   7
   7
   7
   7
   7
   7
   7
   7
   7
   7
   7
   7
   7
   7
   7
   7
   7
   7
   7
   7
   7
   7
   7
   7
   7
   7
   7
   7
   7
   7
   7
   7
   7
   7
   7
   7
   7
   7
   7
   7
   7
   7
   7
   7
   7
   7
   7
   7
   7
   7
   7
   7
   7
   7
   7
   7
   7
   7
   7
   7
   7
   7
   7
   7
   7
   7
   7
   7
   7
   7
   7
   7
   7
   7
   7
   7
   7
   7
   7
   7
   7
   7
   7
   7
   7
   7
   7
   7
   7
   7
   7
   7
   7
   7
   7
   7
   7
   7
   7
   7
   7
   7
   7
   7
   7
   7
   7
   7
   7
   7
   7
   7
   7
   7
   7
   7
   7
   7
   7
   7
   7
   7
   7
   7
   7
   7
   7
   7
   7
   7
   7
   7
   7
   7
   7
   7
   7
   7
   7
   7
   7
   7
   7
   7
   7
   7
   7
   7
   7
   7
   7
   7
   7
   7
   7
   7
   7
   7
   7
   7
   7
   7
   7
   7
   7
   7
   7
   7
   7
   7
   7
   7
   7
   7
   7
   7
   7
   7
   7
   7
   7
   7
   7
   7
   7
   7
   7
   7
   7
   7
   7
   7
   7
   7
   7
   7
   7
   7
   7
   7
   7
   7
   7
   7
   7
   7
   7
   7
   7
   7
   7
   7
   7
   7
   7
   7
   7
   7
   7
   7
   7
   7
   7
   6
   6
   6
   6
   6
   6
   6
   6
   6
   6
   6
   6
   6
   6
   6
   6
   6
   6
   6
   6
   6
   6
   6
   6
   6
   6
   6
   6
   6
   6
   6
   6
   6
   6
   6
   6
   6
   6
   6
   6
   6
   6
   6
   6
   6
   6
   6
   6
   6
   6
   6
   6
   6
   6
   6
   6
   6
   6
   6
   6
   6
   6
   6
   6
   6
   6
   6
   6
   6
   6
   6
   6
   6
   6
   6
   6
   6
   6
   6
   6
   6
   6
   6
   6
   6
   6
   6
   6
   6
   6
   6
   6
   6
   6
   6
   6
   6
   6
   6
   6
   6
   6
   6
   6
   6
   6
   6
   6
   6
   6
   6
   6
   6
   6
   6
   6
   6
   6
   6
   6
   6
   6
   6
   6
   6
   6
   6
   6
   6
   6
   6
   6
   6
   6
   6
   6
   6
   6
   6
   6
   6
   6
   6
   6
   6
   6
   6
   6
   6
   6
   6
   6
   6
   6
   6
   6
   6
   6
   6
   6
   6
   6
   6
   6
   6
   6
   6
   6
   6
   6
   6
   6
   6
   6
   6
   6
   6
   6
   6
   6
   6
   6
   6
   6
   6
   6
   6
   6
   6
   6
   6
   6
   6
   6
   6
   6
   6
   6
   6
   6
   6
   6
   6
   6
   6
   6
   6
   6
   6
   6
   6
   6
   6
   6
   6
   6
   6
   6
   6
   6
   6
   6
   6
   6
   6
   6
   6
   6
   6
   6
   6
   6
   6
   6
   6
   6
   6
   6
   6
   6
   6
   6
   6
   6
   6
   6
   6
   6
   6
   6
   6
   6
   6
   6
   6
   6
   6
   6
   6
   6
   6
   6
   6
   6
   6
   6
   6
   6
   6
   6
   6
   6
   6
   6
   6
   6
   6
   6
   6
   6
   6
   6
   6
   6
   6
   6
   6
   6
   6
   6
   6
   6
   6
   6
   6
   6
   6
   6
   6
   6
   6
   6
   6
   6
   6
   6
   6
   6
   6
   6
   6
   6
   6
   6
   6
   6
   6
   6
   6
   5
   5
   5
   5
   5
   5
   5
   5
   5
   5
   5
   5
   5
   5
   5
   5
   5
   5
   5
   5
   5
   5
   5
   5
   5
   5
   5
   5
   5
   5
   5
   5
   5
   5
   5
   5
   5
   5
   5
   5
   5
   5
   5
   5
   5
   5
   5
   5
   5
   5
   5
   5
   5
   5
   5
   5
   5
   5
   5
   5
   5
   5
   5
   5
   5
   5
   5
   5
   5
   5
   5
   5
   5
   5
   5
   5
   5
   5
   5
   5
   5
   5
   5
   5
   5
   5
   5
   5
   5
   5
   5
   5
   5
   5
   5
   5
   5
   5
   5
   5
   5
   5
   5
   5
   5
   5
   5
   5
   5
   5
   5
   5
   5
   5
   5
   5
   5
   5
   5
   5
   5
   5
   5
   5
   5
   5
   5
   5
   5
   5
   5
   5
   5
   5
   5
   5
   5
   5
   5
   5
   5
   5
   5
   5
   5
   5
   5
   5
   5
   5
   5
   5
   5
   5
   5
   5
   5
   5
   5
   5
   5
   5
   5
   5
   5
   5
   5
   5
   5
   5
   5
   5
   5
   5
   5
   5
   5
   5
   5
   5
   5
   5
   5
   5
   5
   5
   5
   5
   5
   5
   5
   5
   5
   5
   5
   5
   5
   5
   5
   5
   5
   5
   5
   5
   5
   5
   5
   5
   5
   5
   5
   5
   5
   5
   5
   5
   5
   5
   5
   5
   5
   5
   5
   5
   5
   5
   5
   5
   5
   5
   5
   5
   5
   5
   5
   5
   5
   5
   5
   5
   5
   5
   5
   5
   5
   5
   5
   5
   5
   5
   5
   5
   5
   5
   5
   5
   5
   5
   5
   5
   5
   5
   5
   5
   5
   5
   5
   5
   5
   5
   5
   5
   5
   5
   5
   5
   5
   5
   5
   5
   5
   5
   5
   5
   5
   5
   5
   5
   5
   5
   5
   5
   5
   5
   5
   5
   5
   5
   5
   5
   5
   5
   5
   5
   5
   5
   5
   5
   5
   5
   5
   5
   5
   5
   5
   5
   5
   5
   5
   5
   5
   5
   5
   5
   5
   5
   5
   5
   5
   5
   5
   5
   5
   5
   5
   5
   5
   5
   5
   5
   5
   5
   5
   5
   5
   5
   5
   5
   5
   5
   5
   5
   5
   5
   5
   5
   5
   5
   5
   5
   5
   5
   5
   5
   5
   5
   5
   5
   5
   5
   5
   5
   5
   5
   5
   5
   5
   5
   5
   5
   5
   5
   5
   5
   5
   5
   5
   5
   5
   5
   5
   5
   5
   4
   4
   4
   4
   4
   4
   4
   4
   4
   4
   4
   4
   4
   4
   4
   4
   4
   4
   4
   4
   4
   4
   4
   4
   4
   4
   4
   4
   4
   4
   4
   4
   4
   4
   4
   4
   4
   4
   4
   4
   4
   4
   4
   4
   4
   4
   4
   4
   4
   4
   4
   4
   4
   4
   4
   4
   4
   4
   4
   4
   4
   4
   4
   4
   4
   4
   4
   4
   4
   4
   4
   4
   4
   4
   4
   4
   4
   4
   4
   4
   4
   4
   4
   4
   4
   4
   4
   4
   4
   4
   4
   4
   4
   4
   4
   4
   4
   4
   4
   4
   4
   4
   4
   4
   4
   4
   4
   4
   4
   4
   4
   4
   4
   4
   4
   4
   4
   4
   4
   4
   4
   4
   4
   4
   4
   4
   4
   4
   4
   4
   4
   4
   4
   4
   4
   4
   4
   4
   4
   4
   4
   4
   4
   4
   4
   4
   4
   4
   4
   4
   4
   4
   4
   4
   4
   4
   4
   4
   4
   4
   4
   4
   4
   4
   4
   4
   4
   4
   4
   4
   4
   4
   4
   4
   4
   4
   4
   4
   4
   4
   4
   4
   4
   4
   4
   4
   4
   4
   4
   4
   4
   4
   4
   4
   4
   4
   4
   4
   4
   4
   4
   4
   4
   4
   4
   4
   4
   4
   4
   4
   4
   4
   4
   4
   4
   4
   4
   4
   4
   4
   4
   4
   4
   4
   4
   4
   4
   4
   4
   4
   4
   4
   4
   4
   4
   4
   4
   4
   4
   4
   4
   4
   4
   4
   4
   4
   4
   4
   4
   4
   4
   4
   4
   4
   4
   4
   4
   4
   4
   4
   4
   4
   4
   4
   4
   4
   4
   4
   4
   4
   4
   4
   4
   4
   4
   4
   4
   4
   4
   4
   4
   4
   4
   4
   4
   4
   4
   4
   4
   4
   4
   4
   4
   4
   4
   4
   4
   4
   4
   4
   4
   4
   4
   4
   4
   4
   4
   4
   4
   4
   4
   4
   4
   4
   4
   4
   4
   4
   4
   4
   4
   4
   4
   4
   4
   4
   4
   4
   4
   4
   4
   4
   4
   4
   4
   4
   4
   4
   4
   4
   4
   4
   4
   4
   4
   4
   4
   4
   4
   4
   4
   4
   4
   4
   4
   4
   4
   4
   4
   4
   4
   4
   4
   4
   4
   4
   4
   4
   4
   4
   4
   4
   4
   4
   4
   4
   4
   4
   4
   4
   4
   4
   4
   4
   4
   4
   4
   4
   4
   4
   4
   4
   4
   4
   4
   4
   4
   4
   4
   4
   4
   4
   4
   4
   4
   4
   4
   4
   4
   4
   4
   4
   4
   4
   4
   4
   4
   4
   4
   4
   4
   4
   4
   4
   4
   4
   4
   4
   4
   4
   4
   4
   4
   4
   4
   4
   4
   4
   4
   4
   4
   4
   4
   4
   4
   4
   4
   4
   4
   4
   4
   4
   4
   4
   4
   4
   4
   4
   4
   4
   4
   4
   4
   4
   4
   4
   4
   4
   4
   4
   4
   4
   4
   4
   4
   4
   4
   4
   4
   4
   4
   4
   4
   4
   4
   4
   4
   4
   4
   4
   4
   4
   4
   4
   4
   4
   4
   4
   4
   4
   4
   4
   4
   4
   4
   4
   4
   4
   4
   4
   4
   4
   4
   4
   4
   4
   4
   4
   4
   4
   4
   4
   4
   4
   4
   4
   4
   4
   4
   4
   4
   4
   4
   4
   4
   4
   4
   4
   4
   4
   4
   4
   4
   4
   4
   4
   4
   4
   4
   4
   4
   4
   4
   4
   4
   4
   4
   4
   4
   4
   4
   4
   4
   4
   4
   4
   4
   4
   4
   4
   4
   4
   4
   4
   4
   4
   4
   4
   4
   4
   4
   4
   4
   4
   4
   4
   4
   4
   4
   4
   4
   4
   3
   3
   3
   3
   3
   3
   3
   3
   3
   3
   3
   3
   3
   3
   3
   3
   3
   3
   3
   3
   3
   3
   3
   3
   3
   3
   3
   3
   3
   3
   3
   3
   3
   3
   3
   3
   3
   3
   3
   3
   3
   3
   3
   3
   3
   3
   3
   3
   3
   3
   3
   3
   3
   3
   3
   3
   3
   3
   3
   3
   3
   3
   3
   3
   3
   3
   3
   3
   3
   3
   3
   3
   3
   3
   3
   3
   3
   3
   3
   3
   3
   3
   3
   3
   3
   3
   3
   3
   3
   3
   3
   3
   3
   3
   3
   3
   3
   3
   3
   3
   3
   3
   3
   3
   3
   3
   3
   3
   3
   3
   3
   3
   3
   3
   3
   3
   3
   3
   3
   3
   3
   3
   3
   3
   3
   3
   3
   3
   3
   3
   3
   3
   3
   3
   3
   3
   3
   3
   3
   3
   3
   3
   3
   3
   3
   3
   3
   3
   3
   3
   3
   3
   3
   3
   3
   3
   3
   3
   3
   3
   3
   3
   3
   3
   3
   3
   3
   3
   3
   3
   3
   3
   3
   3
   3
   3
   3
   3
   3
   3
   3
   3
   3
   3
   3
   3
   3
   3
   3
   3
   3
   3
   3
   3
   3
   3
   3
   3
   3
   3
   3
   3
   3
   3
   3
   3
   3
   3
   3
   3
   3
   3
   3
   3
   3
   3
   3
   3
   3
   3
   3
   3
   3
   3
   3
   3
   3
   3
   3
   3
   3
   3
   3
   3
   3
   3
   3
   3
   3
   3
   3
   3
   3
   3
   3
   3
   3
   3
   3
   3
   3
   3
   3
   3
   3
   3
   3
   3
   3
   3
   3
   3
   3
   3
   3
   3
   3
   3
   3
   3
   3
   3
   3
   3
   3
   3
   3
   3
   3
   3
   3
   3
   3
   3
   3
   3
   3
   3
   3
   3
   3
   3
   3
   3
   3
   3
   3
   3
   3
   3
   3
   3
   3
   3
   3
   3
   3
   3
   3
   3
   3
   3
   3
   3
   3
   3
   3
   3
   3
   3
   3
   3
   3
   3
   3
   3
   3
   3
   3
   3
   3
   3
   3
   3
   3
   3
   3
   3
   3
   3
   3
   3
   3
   3
   3
   3
   3
   3
   3
   3
   3
   3
   3
   3
   3
   3
   3
   3
   3
   3
   3
   3
   3
   3
   3
   3
   3
   3
   3
   3
   3
   3
   3
   3
   3
   3
   3
   3
   3
   3
   3
   3
   3
   3
   3
   3
   3
   3
   3
   3
   3
   3
   3
   3
   3
   3
   3
   3
   3
   3
   3
   3
   3
   3
   3
   3
   3
   3
   3
   3
   3
   3
   3
   3
   3
   3
   3
   3
   3
   3
   3
   3
   3
   3
   3
   3
   3
   3
   3
   3
   3
   3
   3
   3
   3
   3
   3
   3
   3
   3
   3
   3
   3
   3
   3
   3
   3
   3
   3
   3
   3
   3
   3
   3
   3
   3
   3
   3
   3
   3
   3
   3
   3
   3
   3
   3
   3
   3
   3
   3
   3
   3
   3
   3
   3
   3
   3
   3
   3
   3
   3
   3
   3
   3
   3
   3
   3
   3
   3
   3
   3
   3
   3
   3
   3
   3
   3
   3
   3
   3
   3
   3
   3
   3
   3
   3
   3
   3
   3
   3
   3
   3
   3
   3
   3
   3
   3
   3
   3
   3
   3
   3
   3
   3
   3
   3
   3
   3
   3
   3
   3
   3
   3
   3
   3
   3
   3
   3
   3
   3
   3
   3
   3
   3
   3
   3
   3
   3
   3
   3
   3
   3
   3
   3
   3
   3
   3
   3
   3
   3
   3
   3
   3
   3
   3
   3
   3
   3
   3
   3
   3
   3
   3
   3
   3
   3
   3
   3
   3
   3
   3
   3
   3
   3
   3
   3
   3
   3
   3
   3
   3
   3
   3
   3
   3
   3
   3
   3
   3
   3
   3
   3
   3
   3
   3
   3
   3
   3
   3
   3
   3
   3
   3
   3
   3
   3
   3
   3
   3
   3
   3
   3
   3
   3
   3
   3
   3
   3
   3
   3
   3
   3
   3
   3
   3
   3
   3
   3
   3
   3
   3
   3
   3
   3
   3
   3
   3
   3
   3
   3
   3
   3
   3
   3
   3
   3
   3
   3
   3
   3
   3
   3
   3
   3
   3
   3
   3
   3
   3
   3
   3
   3
   3
   3
   3
   3
   3
   3
   3
   3
   3
   3
   3
   3
   3
   3
   3
   3
   3
   3
   3
   3
   3
   3
   3
   3
   3
   3
   3
   3
   3
   3
   3
   3
   3
   3
   3
   3
   3
   3
   3
   3
   3
   3
   3
   3
   3
   3
   3
   3
   3
   3
   3
   3
   3
   3
   3
   3
   3
   3
   3
   3
   3
   3
   3
   3
   3
   3
   3
   3
   3
   3
   3
   3
   3
   3
   3
   3
   3
   3
   3
   3
   3
   3
   3
   3
   3
   3
   3
   3
   3
   3
   3
   3
   3
   3
   3
   3
   3
   3
   3
   3
   3
   3
   3
   3
   3
   3
   3
   3
   3
   3
   3
   3
   3
   3
   3
   3
   3
   3
   3
   3
   3
   3
   3
   3
   3
   3
   3
   3
   3
   3
   3
   3
   3
   3
   3
   3
   3
   3
   3
   3
   3
   3
   3
   3
   3
   3
   3
   3
   3
   3
   3
   3
   3
   3
   3
   3
   3
   3
   3
   3
   3
   3
   3
   3
   3
   3
   3
   3
   3
   3
   3
   3
   3
   3
   3
   3
   3
   3
   3
   3
   3
   3
   3
   3
   3
   3
   3
   3
   3
   3
   3
   3
   3
   3
   3
   3
   3
   3
   3
   3
   3
   3
   3
   3
   3
   3
   3
   3
   3
   3
   3
   3
   3
   3
   3
   3
   3
   3
   3
   3
   3
   3
   3
   3
   3
   3
   3
   3
   3
   3
   3
   3
   3
   3
   3
   3
   3
   3
   3
   3
   3
   3
   3
   3
   3
   3
   3
   3
   3
   3
   3
   3
   3
   3
   3
   3
   3
   3
   3
   3
   3
   3
   3
   3
   3
   3
   3
   3
   3
   3
   3
   3
   3
   3
   3
   3
   3
   3
   3
   3
   3
   3
   3
   3
   3
   3
   3
   3
   3
   3
   3
   3
   3
   3
   3
   2
   2
   2
   2
   2
   2
   2
   2
   2
   2
   2
   2
   2
   2
   2
   2
   2
   2
   2
   2
   2
   2
   2
   2
   2
   2
   2
   2
   2
   2
   2
   2
   2
   2
   2
   2
   2
   2
   2
   2
   2
   2
   2
   2
   2
   2
   2
   2
   2
   2
   2
   2
   2
   2
   2
   2
   2
   2
   2
   2
   2
   2
   2
   2
   2
   2
   2
   2
   2
   2
   2
   2
   2
   2
   2
   2
   2
   2
   2
   2
   2
   2
   2
   2
   2
   2
   2
   2
   2
   2
   2
   2
   2
   2
   2
   2
   2
   2
   2
   2
   2
   2
   2
   2
   2
   2
   2
   2
   2
   2
   2
   2
   2
   2
   2
   2
   2
   2
   2
   2
   2
   2
   2
   2
   2
   2
   2
   2
   2
   2
   2
   2
   2
   2
   2
   2
   2
   2
   2
   2
   2
   2
   2
   2
   2
   2
   2
   2
   2
   2
   2
   2
   2
   2
   2
   2
   2
   2
   2
   2
   2
   2
   2
   2
   2
   2
   2
   2
   2
   2
   2
   2
   2
   2
   2
   2
   2
   2
   2
   2
   2
   2
   2
   2
   2
   2
   2
   2
   2
   2
   2
   2
   2
   2
   2
   2
   2
   2
   2
   2
   2
   2
   2
   2
   2
   2
   2
   2
   2
   2
   2
   2
   2
   2
   2
   2
   2
   2
   2
   2
   2
   2
   2
   2
   2
   2
   2
   2
   2
   2
   2
   2
   2
   2
   2
   2
   2
   2
   2
   2
   2
   2
   2
   2
   2
   2
   2
   2
   2
   2
   2
   2
   2
   2
   2
   2
   2
   2
   2
   2
   2
   2
   2
   2
   2
   2
   2
   2
   2
   2
   2
   2
   2
   2
   2
   2
   2
   2
   2
   2
   2
   2
   2
   2
   2
   2
   2
   2
   2
   2
   2
   2
   2
   2
   2
   2
   2
   2
   2
   2
   2
   2
   2
   2
   2
   2
   2
   2
   2
   2
   2
   2
   2
   2
   2
   2
   2
   2
   2
   2
   2
   2
   2
   2
   2
   2
   2
   2
   2
   2
   2
   2
   2
   2
   2
   2
   2
   2
   2
   2
   2
   2
   2
   2
   2
   2
   2
   2
   2
   2
   2
   2
   2
   2
   2
   2
   2
   2
   2
   2
   2
   2
   2
   2
   2
   2
   2
   2
   2
   2
   2
   2
   2
   2
   2
   2
   2
   2
   2
   2
   2
   2
   2
   2
   2
   2
   2
   2
   2
   2
   2
   2
   2
   2
   2
   2
   2
   2
   2
   2
   2
   2
   2
   2
   2
   2
   2
   2
   2
   2
   2
   2
   2
   2
   2
   2
   2
   2
   2
   2
   2
   2
   2
   2
   2
   2
   2
   2
   2
   2
   2
   2
   2
   2
   2
   2
   2
   2
   2
   2
   2
   2
   2
   2
   2
   2
   2
   2
   2
   2
   2
   2
   2
   2
   2
   2
   2
   2
   2
   2
   2
   2
   2
   2
   2
   2
   2
   2
   2
   2
   2
   2
   2
   2
   2
   2
   2
   2
   2
   2
   2
   2
   2
   2
   2
   2
   2
   2
   2
   2
   2
   2
   2
   2
   2
   2
   2
   2
   2
   2
   2
   2
   2
   2
   2
   2
   2
   2
   2
   2
   2
   2
   2
   2
   2
   2
   2
   2
   2
   2
   2
   2
   2
   2
   2
   2
   2
   2
   2
   2
   2
   2
   2
   2
   2
   2
   2
   2
   2
   2
   2
   2
   2
   2
   2
   2
   2
   2
   2
   2
   2
   2
   2
   2
   2
   2
   2
   2
   2
   2
   2
   2
   2
   2
   2
   2
   2
   2
   2
   2
   2
   2
   2
   2
   2
   2
   2
   2
   2
   2
   2
   2
   2
   2
   2
   2
   2
   2
   2
   2
   2
   2
   2
   2
   2
   2
   2
   2
   2
   2
   2
   2
   2
   2
   2
   2
   2
   2
   2
   2
   2
   2
   2
   2
   2
   2
   2
   2
   2
   2
   2
   2
   2
   2
   2
   2
   2
   2
   2
   2
   2
   2
   2
   2
   2
   2
   2
   2
   2
   2
   2
   2
   2
   2
   2
   2
   2
   2
   2
   2
   2
   2
   2
   2
   2
   2
   2
   2
   2
   2
   2
   2
   2
   2
   2
   2
   2
   2
   2
   2
   2
   2
   2
   2
   2
   2
   2
   2
   2
   2
   2
   2
   2
   2
   2
   2
   2
   2
   2
   2
   2
   2
   2
   2
   2
   2
   2
   2
   2
   2
   2
   2
   2
   2
   2
   2
   2
   2
   2
   2
   2
   2
   2
   2
   2
   2
   2
   2
   2
   2
   2
   2
   2
   2
   2
   2
   2
   2
   2
   2
   2
   2
   2
   2
   2
   2
   2
   2
   2
   2
   2
   2
   2
   2
   2
   2
   2
   2
   2
   2
   2
   2
   2
   2
   2
   2
   2
   2
   2
   2
   2
   2
   2
   2
   2
   2
   2
   2
   2
   2
   2
   2
   2
   2
   2
   2
   2
   2
   2
   2
   2
   2
   2
   2
   2
   2
   2
   2
   2
   2
   2
   2
   2
   2
   2
   2
   2
   2
   2
   2
   2
   2
   2
   2
   2
   2
   2
   2
   2
   2
   2
   2
   2
   2
   2
   2
   2
   2
   2
   2
   2
   2
   2
   2
   2
   2
   2
   2
   2
   2
   2
   2
   2
   2
   2
   2
   2
   2
   2
   2
   2
   2
   2
   2
   2
   2
   2
   2
   2
   2
   2
   2
   2
   2
   2
   2
   2
   2
   2
   2
   2
   2
   2
   2
   2
   2
   2
   2
   2
   2
   2
   2
   2
   2
   2
   2
   2
   2
   2
   2
   2
   2
   2
   2
   2
   2
   2
   2
   2
   2
   2
   2
   2
   2
   2
   2
   2
   2
   2
   2
   2
   2
   2
   2
   2
   2
   2
   2
   2
   2
   2
   2
   2
   2
   2
   2
   2
   2
   2
   2
   2
   2
   2
   2
   2
   2
   2
   2
   2
   2
   2
   2
   2
   2
   2
   2
   2
   2
   2
   2
   2
   2
   2
   2
   2
   2
   2
   2
   2
   2
   2
   2
   2
   2
   2
   2
   2
   2
   2
   2
   2
   2
   2
   2
   2
   2
   2
   2
   2
   2
   2
   2
   2
   2
   2
   2
   2
   2
   2
   2
   2
   2
   2
   2
   2
   2
   2
   2
   2
   2
   2
   2
   2
   2
   2
   2
   2
   2
   2
   2
   2
   2
   2
   2
   2
   2
   2
   2
   2
   2
   2
   2
   2
   2
   2
   2
   2
   2
   2
   2
   2
   2
   2
   2
   2
   2
   2
   2
   2
   2
   2
   2
   2
   2
   2
   2
   2
   2
   2
   2
   2
   2
   2
   2
   2
   2
   2
   2
   2
   2
   2
   2
   2
   2
   2
   2
   2
   2
   2
   2
   2
   2
   2
   2
   2
   2
   2
   2
   2
   2
   2
   2
   2
   2
   2
   2
   2
   2
   2
   2
   2
   2
   2
   2
   2
   2
   2
   2
   2
   2
   2
   2
   2
   2
   2
   2
   2
   2
   2
   2
   2
   2
   2
   2
   2
   2
   2
   2
   2
   2
   2
   2
   2
   2
   2
   2
   2
   2
   2
   2
   2
   2
   2
   2
   2
   2
   2
   2
   2
   2
   2
   2
   2
   2
   2
   2
   2
   2
   2
   2
   2
   2
   2
   2
   2
   2
   2
   2
   2
   2
   2
   2
   2
   2
   2
   2
   2
   2
   2
   2
   2
   2
   2
   2
   2
   2
   2
   2
   2
   2
   2
   2
   2
   2
   2
   2
   2
   2
   2
   2
   2
   2
   2
   2
   2
   2
   2
   2
   2
   2
   2
   2
   2
   2
   2
   2
   2
   2
   2
   2
   2
   2
   2
   2
   2
   2
   2
   2
   2
   2
   2
   2
   2
   2
   2
   2
   2
   2
   2
   2
   2
   2
   2
   2
   2
   2
   2
   2
   2
   2
   2
   2
   2
   2
   2
   2
   2
   2
   2
   2
   2
   2
   2
   2
   2
   2
   2
   2
   2
   2
   2
   2
   2
   2
   2
   2
   2
   2
   2
   2
   2
   2
   2
   2
   2
   2
   2
   2
   2
   2
   2
   2
   2
   2
   2
   2
   2
   2
   2
   2
   2
   2
   2
   2
   2
   2
   2
   2
   2
   2
   2
   2
   2
   2
   2
   2
   2
   2
   2
   2
   2
   2
   2
   2
   2
   2
   2
   2
   2
   2
   2
   2
   2
   2
   2
   2
   2
   2
   2
   2
   2
   2
   2
   2
   2
   2
   2
   2
   2
   2
   2
   2
   2
   2
   2
   2
   2
   2
   2
   2
   2
   2
   2
   2
   2
   2
   2
   2
   2
   2
   2
   2
   2
   2
   2
   2
   2
   2
   2
   2
   2
   2
   2
   2
   2
   2
   2
   2
   2
   2
   2
   2
   2
   2
   2
   2
   2
   2
   2
   2
   2
   2
   2
   2
   2
   2
   2
   2
   2
   2
   2
   2
   2
   2
   2
   2
   2
   2
   2
   2
   2
   2
   2
   2
   2
   2
   2
   2
   2
   2
   2
   2
   2
   2
   2
   2
   2
   2
   2
   2
   2
   2
   2
   2
   2
   2
   2
   2
   2
   2
   2
   2
   2
   2
   2
   2
   2
   2
   2
   2
   2
   2
   2
   2
   2
   2
   2
   2
   2
   2
   2
   2
   2
   2
   2
   2
   2
   2
   2
   2
   2
   2
   2
   2
   2
   2
   2
   2
   2
   2
   2
   2
   2
   2
   2
   2
   2
   2
   2
   2
   2
   2
   2
   2
   2
   2
   2
   2
   2
   2
   2
   2
   2
   2
   2
   2
   2
   2
   2
   2
   2
   2
   2
   2
   2
   2
   2
   2
   2
   2
   2
   2
   2
   2
   2
   2
   2
   2
   2
   2
   2
   2
   2
   2
   2
   2
   2
   2
   2
   2
   2
   2
   2
   2
   2
   2
   2
   2
   2
   2
   2
   2
   2
   2
   2
   2
   2
   2
   2
   2
   2
   2
   2
   2
   2
   2
   2
   2
   2
   2
   2
   2
   2
   2
   2
   2
   2
   2
   2
   2
   2
   2
   2
   2
   2
   2
   2
   2
   2
   2
   2
   2
   2
   2
   2
   2
   2
   2
   2
   2
   2
   2
   2
   2
   2
   2
   2
   2
   2
   2
   2
   2
   2
   2
   2
   2
   2
   2
   2
   2
   2
   2
   2
   2
   2
   2
   2
   2
   2
   2
   2
   2
   2
   2
   2
   2
   2
   2
   2
   2
   2
   2
   2
   2
   2
   2
   2
   2
   2
   2
   2
   2
   2
   2
   2
   2
   2
   2
   2
   2
   2
   2
   2
   2
   2
   2
   2
   2
   2
   2
   2
   2
   2
   2
   2
   2
   2
   2
   2
   2
   2
   2
   2
   2
   2
   2
   2
   2
   2
   2
   2
   2
   2
   2
   2
   2
   2
   2
   2
   2
   2
   2
   2
   2
   2
   2
   2
   2
   2
   2
   2
   2
   2
   2
   2
   2
   2
   2
   2
   2
   2
   2
   2
   2
   2
   2
   2
   2
   2
   2
   2
   2
   2
   2
   2
   2
   2
   2
   2
   2
   2
   2
   2
   2
   2
   2
   2
   2
   2
   2
   2
   2
   2
   2
   2
   2
   2
   2
   2
   2
   2
   2
   2
   2
   2
   2
   2
   2
   2
   2
   2
   2
   2
   2
   2
   2
   2
   2
   2
   2
   2
   2
   2
   2
   2
   2
   2
   2
   2
   2
   2
   2
   2
   2
   2
   2
   2
   2
   2
   2
   2
   2
   2
   2
   2
   2
   2
   2
   2
   2
   2
   2
   2
   2
   2
   2
   2
   2
   2
   2
   2
   2
   2
   2
   2
   2
   2
   2
   2
   2
   2
   2
   2
   2
   2
   2
   2
   2
   2
   2
   2
   2
   2
   2
   2
   2
   2
   1
   1
   1
   1
   1
   1
   1
   1
   1
   1
   1
   1
   1
   1
   1
   1
   1
   1
   1
   1
   1
   1
   1
   1
   1
   1
   1
   1
   1
   1
   1
   1
   1
   1
   1
   1
   1
   1
   1
   1
   1
   1
   1
   1
   1
   1
   1
   1
   1
   1
   1
   1
   1
   1
   1
   1
   1
   1
   1
   1
   1
   1
   1
   1
   1
   1
   1
   1
   1
   1
   1
   1
   1
   1
   1
   1
   1
   1
   1
   1
   1
   1
   1
   1
   1
   1
   1
   1
   1
   1
   1
   1
   1
   1
   1
   1
   1
   1
   1
   1
   1
   1
   1
   1
   1
   1
   1
   1
   1
   1
   1
   1
   1
   1
   1
   1
   1
   1
   1
   1
   1
   1
   1
   1
   1
   1
   1
   1
   1
   1
   1
   1
   1
   1
   1
   1
   1
   1
   1
   1
   1
   1
   1
   1
   1
   1
   1
   1
   1
   1
   1
   1
   1
   1
   1
   1
   1
   1
   1
   1
   1
   1
   1
   1
   1
   1
   1
   1
   1
   1
   1
   1
   1
   1
   1
   1
   1
   1
   1
   1
   1
   1
   1
   1
   1
   1
   1
   1
   1
   1
   1
   1
   1
   1
   1
   1
   1
   1
   1
   1
   1
   1
   1
   1
   1
   1
   1
   1
   1
   1
   1
   1
   1
   1
   1
   1
   1
   1
   1
   1
   1
   1
   1
   1
   1
   1
   1
   1
   1
   1
   1
   1
   1
   1
   1
   1
   1
   1
   1
   1
   1
   1
   1
   1
   1
   1
   1
   1
   1
   1
   1
   1
   1
   1
   1
   1
   1
   1
   1
   1
   1
   1
   1
   1
   1
   1
   1
   1
   1
   1
   1
   1
   1
   1
   1
   1
   1
   1
   1
   1
   1
   1
   1
   1
   1
   1
   1
   1
   1
   1
   1
   1
   1
   1
   1
   1
   1
   1
   1
   1
   1
   1
   1
   1
   1
   1
   1
   1
   1
   1
   1
   1
   1
   1
   1
   1
   1
   1
   1
   1
   1
   1
   1
   1
   1
   1
   1
   1
   1
   1
   1
   1
   1
   1
   1
   1
   1
   1
   1
   1
   1
   1
   1
   1
   1
   1
   1
   1
   1
   1
   1
   1
   1
   1
   1
   1
   1
   1
   1
   1
   1
   1
   1
   1
   1
   1
   1
   1
   1
   1
   1
   1
   1
   1
   1
   1
   1
   1
   1
   1
   1
   1
   1
   1
   1
   1
   1
   1
   1
   1
   1
   1
   1
   1
   1
   1
   1
   1
   1
   1
   1
   1
   1
   1
   1
   1
   1
   1
   1
   1
   1
   1
   1
   1
   1
   1
   1
   1
   1
   1
   1
   1
   1
   1
   1
   1
   1
   1
   1
   1
   1
   1
   1
   1
   1
   1
   1
   1
   1
   1
   1
   1
   1
   1
   1
   1
   1
   1
   1
   1
   1
   1
   1
   1
   1
   1
   1
   1
   1
   1
   1
   1
   1
   1
   1
   1
   1
   1
   1
   1
   1
   1
   1
   1
   1
   1
   1
   1
   1
   1
   1
   1
   1
   1
   1
   1
   1
   1
   1
   1
   1
   1
   1
   1
   1
   1
   1
   1
   1
   1
   1
   1
   1
   1
   1
   1
   1
   1
   1
   1
   1
   1
   1
   1
   1
   1
   1
   1
   1
   1
   1
   1
   1
   1
   1
   1
   1
   1
   1
   1
   1
   1
   1
   1
   1
   1
   1
   1
   1
   1
   1
   1
   1
   1
   1
   1
   1
   1
   1
   1
   1
   1
   1
   1
   1
   1
   1
   1
   1
   1
   1
   1
   1
   1
   1
   1
   1
   1
   1
   1
   1
   1
   1
   1
   1
   1
   1
   1
   1
   1
   1
   1
   1
   1
   1
   1
   1
   1
   1
   1
   1
   1
   1
   1
   1
   1
   1
   1
   1
   1
   1
   1
   1
   1
   1
   1
   1
   1
   1
   1
   1
   1
   1
   1
   1
   1
   1
   1
   1
   1
   1
   1
   1
   1
   1
   1
   1
   1
   1
   1
   1
   1
   1
   1
   1
   1
   1
   1
   1
   1
   1
   1
   1
   1
   1
   1
   1
   1
   1
   1
   1
   1
   1
   1
   1
   1
   1
   1
   1
   1
   1
   1
   1
   1
   1
   1
   1
   1
   1
   1
   1
   1
   1
   1
   1
   1
   1
   1
   1
   1
   1
   1
   1
   1
   1
   1
   1
   1
   1
   1
   1
   1
   1
   1
   1
   1
   1
   1
   1
   1
   1
   1
   1
   1
   1
   1
   1
   1
   1
   1
   1
   1
   1
   1
   1
   1
   1
   1
   1
   1
   1
   1
   1
   1
   1
   1
   1
   1
   1
   1
   1
   1
   1
   1
   1
   1
   1
   1
   1
   1
   1
   1
   1
   1
   1
   1
   1
   1
   1
   1
   1
   1
   1
   1
   1
   1
   1
   1
   1
   1
   1
   1
   1
   1
   1
   1
   1
   1
   1
   1
   1
   1
   1
   1
   1
   1
   1
   1
   1
   1
   1
   1
   1
   1
   1
   1
   1
   1
   1
   1
   1
   1
   1
   1
   1
   1
   1
   1
   1
   1
   1
   1
   1
   1
   1
   1
   1
   1
   1
   1
   1
   1
   1
   1
   1
   1
   1
   1
   1
   1
   1
   1
   1
   1
   1
   1
   1
   1
   1
   1
   1
   1
   1
   1
   1
   1
   1
   1
   1
   1
   1
   1
   1
   1
   1
   1
   1
   1
   1
   1
   1
   1
   1
   1
   1
   1
   1
   1
   1
   1
   1
   1
   1
   1
   1
   1
   1
   1
   1
   1
   1
   1
   1
   1
   1
   1
   1
   1
   1
   1
   1
   1
   1
   1
   1
   1
   1
   1
   1
   1
   1
   1
   1
   1
   1
   1
   1
   1
   1
   1
   1
   1
   1
   1
   1
   1
   1
   1
   1
   1
   1
   1
   1
   1
   1
   1
   1
   1
   1
   1
   1
   1
   1
   1
   1
   1
   1
   1
   1
   1
   1
   1
   1
   1
   1
   1
   1
   1
   1
   1
   1
   1
   1
   1
   1
   1
   1
   1
   1
   1
   1
   1
   1
   1
   1
   1
   1
   1
   1
   1
   1
   1
   1
   1
   1
   1
   1
   1
   1
   1
   1
   1
   1
   1
   1
   1
   1
   1
   1
   1
   1
   1
   1
   1
   1
   1
   1
   1
   1
   1
   1
   1
   1
   1
   1
   1
   1
   1
   1
   1
   1
   1
   1
   1
   1
   1
   1
   1
   1
   1
   1
   1
   1
   1
   1
   1
   1
   1
   1
   1
   1
   1
   1
   1
   1
   1
   1
   1
   1
   1
   1
   1
   1
   1
   1
   1
   1
   1
   1
   1
   1
   1
   1
   1
   1
   1
   1
   1
   1
   1
   1
   1
   1
   1
   1
   1
   1
   1
   1
   1
   1
   1
   1
   1
   1
   1
   1
   1
   1
   1
   1
   1
   1
   1
   1
   1
   1
   1
   1
   1
   1
   1
   1
   1
   1
   1
   1
   1
   1
   1
   1
   1
   1
   1
   1
   1
   1
   1
   1
   1
   1
   1
   1
   1
   1
   1
   1
   1
   1
   1
   1
   1
   1
   1
   1
   1
   1
   1
   1
   1
   1
   1
   1
   1
   1
   1
   1
   1
   1
   1
   1
   1
   1
   1
   1
   1
   1
   1
   1
   1
   1
   1
   1
   1
   1
   1
   1
   1
   1
   1
   1
   1
   1
   1
   1
   1
   1
   1
   1
   1
   1
   1
   1
   1
   1
   1
   1
   1
   1
   1
   1
   1
   1
   1
   1
   1
   1
   1
   1
   1
   1
   1
   1
   1
   1
   1
   1
   1
   1
   1
   1
   1
   1
   1
   1
   1
   1
   1
   1
   1
   1
   1
   1
   1
   1
   1
   1
   1
   1
   1
   1
   1
   1
   1
   1
   1
   1
   1
   1
   1
   1
   1
   1
   1
   1
   1
   1
   1
   1
   1
   1
   1
   1
   1
   1
   1
   1
   1
   1
   1
   1
   1
   1
   1
   1
   1
   1
   1
   1
   1
   1
   1
   1
   1
   1
   1
   1
   1
   1
   1
   1
   1
   1
   1
   1
   1
   1
   1
   1
   1
   1
   1
   1
   1
   1
   1
   1
   1
   1
   1
   1
   1
   1
   1
   1
   1
   1
   1
   1
   1
   1
   1
   1
   1
   1
   1
   1
   1
   1
   1
   1
   1
   1
   1
   1
   1
   1
   1
   1
   1
   1
   1
   1
   1
   1
   1
   1
   1
   1
   1
   1
   1
   1
   1
   1
   1
   1
   1
   1
   1
   1
   1
   1
   1
   1
   1
   1
   1
   1
   1
   1
   1
   1
   1
   1
   1
   1
   1
   1
   1
   1
   1
   1
   1
   1
   1
   1
   1
   1
   1
   1
   1
   1
   1
   1
   1
   1
   1
   1
   1
   1
   1
   1
   1
   1
   1
   1
   1
   1
   1
   1
   1
   1
   1
   1
   1
   1
   1
   1
   1
   1
   1
   1
   1
   1
   1
   1
   1
   1
   1
   1
   1
   1
   1
   1
   1
   1
   1
   1
   1
   1
   1
   1
   1
   1
   1
   1
   1
   1
   1
   1
   1
   1
   1
   1
   1
   1
   1
   1
   1
   1
   1
   1
   1
   1
   1
   1
   1
   1
   1
   1
   1
   1
   1
   1
   1
   1
   1
   1
   1
   1
   1
   1
   1
   1
   1
   1
   1
   1
   1
   1
   1
   1
   1
   1
   1
   1
   1
   1
   1
   1
   1
   1
   1
   1
   1
   1
   1
   1
   1
   1
   1
   1
   1
   1
   1
   1
   1
   1
   1
   1
   1
   1
   1
   1
   1
   1
   1
   1
   1
   1
   1
   1
   1
   1
   1
   1
   1
   1
   1
   1
   1
   1
   1
   1
   1
   1
   1
   1
   1
   1
   1
   1
   1
   1
   1
   1
   1
   1
   1
   1
   1
   1
   1
   1
   1
   1
   1
   1
   1
   1
   1
   1
   1
   1
   1
   1
   1
   1
   1
   1
   1
   1
   1
   1
   1
   1
   1
   1
   1
   1
   1
   1
   1
   1
   1
   1
   1
   1
   1
   1
   1
   1
   1
   1
   1
   1
   1
   1
   1
   1
   1
   1
   1
   1
   1
   1
   1
   1
   1
   1
   1
   1
   1
   1
   1
   1
   1
   1
   1
   1
   1
   1
   1
   1
   1
   1
   1
   1
   1
   1
   1
   1
   1
   1
   1
   1
   1
   1
   1
   1
   1
   1
   1
   1
   1
   1
   1
   1
   1
   1
   1
   1
   1
   1
   1
   1
   1
   1
   1
   1
   1
   1
   1
   1
   1
   1
   1
   1
   1
   1
   1
   1
   1
   1
   1
   1
   1
   1
   1
   1
   1
   1
   1
   1
   1
   1
   1
   1
   1
   1
   1
   1
   1
   1
   1
   1
   1
   1
   1
   1
   1
   1
   1
   1
   1
   1
   1
   1
   1
   1
   1
   1
   1
   1
   1
   1
   1
   1
   1
   1
   1
   1
   1
   1
   1
   1
   1
   1
   1
   1
   1
   1
   1
   1
   1
   1
   1
   1
   1
   1
   1
   1
   1
   1
   1
   1
   1
   1
   1
   1
   1
   1
   1
   1
   1
   1
   1
   1
   1
   1
   1
   1
   1
   1
   1
   1
   1
   1
   1
   1
   1
   1
   1
   1
   1
   1
   1
   1
   1
   1
   1
   1
   1
   1
   1
   1
   1
   1
   1
   1
   1
   1
   1
   1
   1
   1
   1
   1
   1
   1
   1
   1
   1
   1
   1
   1
   1
   1
   1
   1
   1
   1
   1
   1
   1
   1
   1
   1
   1
   1
   1
   1
   1
   1
   1
   1
   1
   1
   1
   1
   1
   1
   1
   1
   1
   1
   1
   1
   1
   1
   1
   1
   1
   1
   1
   1
   1
   1
   1
   1
   1
   1
   1
   1
   1
   1
   1
   1
   1
   1
   1
   1
   1
   1
   1
   1
   1
   1
   1
   1
   1
   1
   1
   1
   1
   1
   1
   1
   1
   1
   1
   1
   1
   1
   1
   1
   1
   1
   1
   1
   1
   1
   1
   1
   1
   1
   1
   1
   1
   1
   1
   1
   1
   1
   1
   1
   1
   1
   1
   1
   1
   1
   1
   1
   1
   1
   1
   1
   1
   1
   1
   1
   1
   1
   1
   1
   1
   1
   1
   1
   1
   1
   1
   1
   1
   1
   1
   1
   1
   1
   1
   1
   1
   1
   1
   1
   1
   1
   1
   1
   1
   1
   1
   1
   1
   1
   1
   1
   1
   1
   1
   1
   1
   1
   1
   1
   1
   1
   1
   1
   1
   1
   1
   1
   1
   1
   1
   1
   1
   1
   1
   1
   1
   1
   1
   1
   1
   1
   1
   1
   1
   1
   1
   1
   1
   1
   1
   1
   1
   1
   1
   1
   1
   1
   1
   1
   1
   1
   1
   1
   1
   1
   1
   1
   1
   1
   1
   1
   1
   1
   1
   1
   1
   1
   1
   1
   1
   1
   1
   1
   1
   1
   1
   1
   1
   1
   1
   1
   1
   1
   1
   1
   1
   1
   1
   1
   1
   1
   1
   1
   1
   1
   1
   1
   1
   1
   1
   1
   1
   1
   1
   1
   1
   1
   1
   1
   1
   1
   1
   1
   1
   1
   1
   1
   1
   1
   1
   1
   1
   1
   1
   1
   1
   1
   1
   1
   1
   1
   1
   1
   1
   1
   1
   1
   1
   1
   1
   1
   1
   1
   1
   1
   1
   1
   1
   1
   1
   1
   1
   1
   1
   1
   1
   1
   1
   1
   1
   1
   1
   1
   1
   1
   1
   1
   1
   1
   1
   1
   1
   1
   1
   1
   1
   1
   1
   1
   1
   1
   1
   1
   1
   1
   1
   1
   1
   1
   1
   1
   1
   1
   1
   1
   1
   1
   1
   1
   1
   1
   1
   1
   1
   1
   1
   1
   1
   1
   1
   1
   1
   1
   1
   1
   1
   1
   1
   1
   1
   1
   1
   1
   1
   1
   1
   1
   1
   1
   1
   1
   1
   1
   1
   1
   1
   1
   1
   1
   1
   1
   1
   1
   1
   1
   1
   1
   1
   1
   1
   1
   1
   1
   1
   1
   1
   1
   1
   1
   1
   1
   1
   1
   1
   1
   1
   1
   1
   1
   1
   1
   1
   1
   1
   1
   1
   1
   1
   1
   1
   1
   1
   1
   1
   1
   1
   1
   1
   1
   1
   1
   1
   1
   1
   1
   1
   1
   1
   1
   1
   1
   1
   1
   1
   1
   1
   1
   1
   1
   1
   1
   1
   1
   1
   1
   1
   1
   1
   1
   1
   1
   1
   1
   1
   1
   1
   1
   1
   1
   1
   1
   1
   1
   1
   1
   1
   1
   1
   1
   1
   1
   1
   1
   1
   1
   1
   1
   1
   1
   1
   1
   1
   1
   1
   1
   1
   1
   1
   1
   1
   1
   1
   1
   1
   1
   1
   1
   1
   1
   1
   1
   1
   1
   1
   1
   1
   1
   1
   1
   1
   1
   1
   1
   1
   1
   1
   1
   1
   1
   1
   1
   1
   1
   1
   1
   1
   1
   1
   1
   1
   1
   1
   1
   1
   1
   1
   1
   1
   1
   1
   1
   1
   1
   1
   1
   1
   1
   1
   1
   1
   1
   1
   1
   1
   1
   1
   1
   1
   1
   1
   1
   1
   1
   1
   1
   1
   1
   1
   1
   1
   1
   1
   1
   1
   1
   1
   1
   1
   1
   1
   1
   1
   1
   1
   1
   1
   1
   1
   1
   1
   1
   1
   1
   1
   1
   1
   1
   1
   1
   1
   1
   1
   1
   1
   1
   1
   1
   1
   1
   1
   1
   1
   1
   1
   1
   1
   1
   1
   1
   1
   1
   1
   1
   1
   1
   1
   1
   1
   1
   1
   1
   1
   1
   1
   1
   1
   1
   1
   1
   1
   1
   1
   1
   1
   1
   1
   1
   1
   1
   1
   1
   1
   1
   1
   1
   1
   1
   1
   1
   1
   1
   1
   1
   1
   1
   1
   1
   1
   1
   1
   1
   1
   1
   1
   1
   1
   1
   1
   1
   1
   1
   1
   1
   1
   1
   1
   1
   1
   1
   1
   1
   1
   1
   1
   1
   1
   1
   1
   1
   1
   1
   1
   1
   1
   1
   1
   1
   1
   1
   1
   1
   1
   1
   1
   1
   1
   1
   1
   1
   1
   1
   1
   1
   1
   1
   1
   1
   1
   1
   1
   1
   1
   1
   1
   1
   1
   1
   1
   1
   1
   1
   1
   1
   1
   1
   1
   1
   1
   1
   1
   1
   1
   1
   1
   1
   1
   1
   1
   1
   1
   1
   1
   1
   1
   1
   1
   1
   1
   1
   1
   1
   1
   1
   1
   1
   1
   1
   1
   1
   1
   1
   1
   1
   1
   1
   1
   1
   1
   1
   1
   1
   1
   1
   1
   1
   1
   1
   1
   1
   1
   1
   1
   1
   1
   1
   1
   1
   1
   1
   1
   1
   1
   1
   1
   1
   1
   1
   1
   1
   1
   1
   1
   1
   1
   1
   1
   1
   1
   1
   1
   1
   1
   1
   1
   1
   1
   1
   1
   1
   1
   1
   1
   1
   1
   1
   1
   1
   1
   1
   1
   1
   1
   1
   1
   1
   1
   1
   1
   1
   1
   1
   1
   1
   1
   1
   1
   1
   1
   1
   1
   1
   1
   1
   1
   1
   1
   1
   1
   1
   1
   1
   1
   1
   1
   1
   1
   1
   1
   1
   1
   1
   1
   1
   1
   1
   1
   1
   1
   1
   1
   1
   1
   1
   1
   1
   1
   1
   1
   1
   1
   1
   1
   1
   1
   1
   1
   1
   1
   1
   1
   1
   1
   1
   1
   1
   1
   1
   1
   1
   1
   1
   1
   1
   1
   1
   1
   1
   1
   1
   1
   1
   1
   1
   1
   1
   1
   1
   1
   1
   1
   1
   1
   1
   1
   1
   1
   1
   1
   1
   1
   1
   1
   1
   1
   1
   1
   1
   1
   1
   1
   1
   1
   1
   1
   1
   1
   1
   1
   1
   1
   1
   1
   1
   1
   1
   1
   1
   1
   1
   1
   1
   1
   1
   1
   1
   1
   1
   1
   1
   1
   1
   1
   1
   1
   1
   1
   1
   1
   1
   1
   1
   1
   1
   1
   1
   1
   1
   1
   1
   1
   1
   1
   1
   1
   1
   1
   1
   1
   1
   1
   1
   1
   1
   1
   1
   1
   1
   1
   1
   1
   1
   1
   1
   1
   1
   1
   1
   1
   1
   1
   1
   1
   1
   1
   1
   1
   1
   1
   1
   1
   1
   1
   1
   1
   1
   1
   1
   1
   1
   1
   1
   1
   1
   1
   1
   1
   1
   1
   1
   1
   1
   1
   1
   1
   1
   1
   1
   1
   1
   1
   1
   1
   1
   1
   1
   1
   1
   1
   1
   1
   1
   1
   1
   1
   1
   1
   1
   1
   1
   1
   1
   1
   1
   1
   1
   1
   1
   1
   1
   1
   1
   1
   1
   1
   1
   1
   1
   1
   1
   1
   1
   1
   1
   1
   1
   1
   1
   1
   1
   1
   1
   1
   1
   1
   1
   1
   1
   1
   1
   1
   1
   1
   1
   1
   1
   1
   1
   1
   1
   1
   1
   1
   1
   1
   1
   1
   1
   1
   1
   1
   1
   1
   1
   1
   1
   1
   1
   1
   1
   1
   1
   1
   1
   1
   1
   1
   1
   1
   1
   1
   1
   1
   1
   1
   1
   1
   1
   1
   1
   1
   1
   1
   1
   1
   1
   1
   1
   1
   1
   1
   1
   1
   1
   1
   1
   1
   1
   1
   1
   1
   1
   1
   1
   1
   1
   1
   1
   1
   1
   1
   1
   1
   1
   1
   1
   1
   1
   1
   1
   1
   1
   1
   1
   1
   1
   1
   1
   1
   1
   1
   1
   1
   1
   1
   1
   1
   1
   1
   1
   1
   1
   1
   1
   1
   1
   1
   1
   1
   1
   1
   1
   1
   1
   1
   1
   1
   1
   1
   1
   1
   1
   1
   1
   1
   1
   1
   1
   1
   1
   1
   1
   1
   1
   1
   1
   1
   1
   1
   1
   1
   1
   1
   1
   1
   1
   1
   1
   1
   1
   1
   1
   1
   1
   1
   1
   1
   1
   1
   1
   1
   1
   1
   1
   1
   1
   1
   1
   1
   1
   1
   1
   1
   1
   1
   1
   1
   1
   1
   1
   1
   1
   1
   1
   1
   1
   1
   1
   1
   1
   1
   1
   1
   1
   1
   1
   1
   1
   1
   1
   1
   1
   1
   1
   1
   1
   1
   1
   1
   1
   1
   1
   1
   1
   1
   1
   1
   1
   1
   1
   1
   1
   1
   1
   1
   1
   1
   1
   1
   1
   1
   1
   1
   1
   1
   1
   1
   1
   1
   1
   1
   1
   1
   1
   1
   1
   1
   1
   1
   1
   1
   1
   1
   1
   1
   1
   1
   1
   1
   1
   1
   1
   1
   1
   1
   1
   1
   1
   1
   1
   1
   1
   1
   1
   1
   1
   1
   1
   1
   1
   1
   1
   1
   1
   1
   1
   1
   1
   1
   1
   1
   1
   1
   1
   1
   1
   1
   1
   1
   1
   1
   1
   1
   1
   1
   1
   1
   1
   1
   1
   1
   1
   1
   1
   1
   1
   1
   1
   1
   1
   1
   1
   1
   1
   1
   1
   1
   1
   1
   1
   1
   1
   1
   1
   1
   1
   1
   1
   1
   1
   1
   1
   1
   1
   1
   1
   1
   1
   1
   1
   1
   1
   1
   1
   1
   1
   1
   1
   1
   1
   1
   1
   1
   1
   1
   1
   1
   1
   1
   1
   1
   1
   1
   1
   1
   1
   1
   1
   1
   1
   1
   1
   1
   1
   1
   1
   1
   1
   1
   1
   1
   1
   1
   1
   1
   1
   1
   1
   1
   1
   1
   1
   1
   1
   1
   1
   1
   1
   1
   1
   1
   1
   1
   1
   1
   1
   1
   1
   1
   1
   1
   1
   1
   1
   1
   1
   1
   1
   1
   1
   1
   1
   1
   1
   1
   1
   1
   1
   1
   1
   1
   1
   1
   1
   1
   1
   1
   1
   1
   1
   1
   1
   1
   1
   1
   1
   1
   1
   1
   1
   1
   1
   1
   1
   1
   1
   1
   1
   1
   1
   1
   1
   1
   1
   1
   1
   1
   1
   1
   1
   1
   1
   1
   1
   1
   1
   1
   1
   1
   1
   1
   1
   1
   1
   1
   1
   1
   1
   1
   1
   1
   1
   1
   1
   1
   1
   1
   1
   1
   1
   1
   1
   1
   1
   1
   1
   1
   1
   1
   1
   1
   1
   1
   1
   1
   1
   1
   1
   1
   1
   1
   1
   1
   1
   1
   1
   1
   1
   1
   1
   1
   1
   1
   1
   1
   1
   1
   1
   1
   1
   1
   1
   1
   1
   1
   1
   1
   1
   1
   1
   1
   1
   1
   1
   1
   1
   1
   1
   1
   1
   1
   1
   1
   1
   1
   1
   1
   1
   1
   1
   1
   1
   1
   1
   1
   1
   1
   1
   1
   1
   1
   1
   1
   1
   1
   1
   1
   1
   1
   1
   1
   1
   1
   1
   1
   1
   1
   1
   1
   1
   1
   1
   1
   1
   1
   1
   1
   1
   1
   1
   1
   1
   1
   1
   1
   1
   1
   1
   1
   1
   1
   1
   1
   1
   1
   1
   1
   1
   1
   1
   1
   1
   1
   1
   1
   1
   1
   1
   1
   1
   1
   1
   1
   1
   1
   1
   1
   1
   1
   1
   1
   1
   1
   1
   1
   1
   1
   1
   1
   1
   1
   1
   1
   1
   1
   1
   1
   1
   1
   1
   1
   1
   1
   1
   1
   1
   1
   1
   1
   1
   1
   1
   1
   1
   1
   1
   1
   1
   1
   1
   1
   1
   1
   1
   1
   1
   1
   1
   1
   1
   1
   1
   1
   1
   1
   1
   1
   1
   1
   1
   1
   1
   1
   1
   1
   1
   1
   1
   1
   1
   1
   1
   1
   1
   1
   1
   1
   1
   1
   1
   1
   1
   1
   1
   1
   1
   1
   1
   1
   1
   1
   1
   1
   1
   1
   1
   1
   1
   1
   1
   1
   1
   1
   1
   1
   1
   1
   1
   1
   1
   1
   1
   1
   1
   1
   1
   1
   1
   1
   1
   1
   1
   1
   1
   1
   1
   1
   1
   1
   1
   1
   1
   1
   1
   1
   1
   1
   1
   1
   1
   1
   1
   1
   1
   1
   1
   1
   1
   1
   1
   1
   1
   1
   1
   1
   1
   1
   1
   1
   1
   1
   1
   1
   1
   1
   1
   1
   1
   1
   1
   1
   1
   1
   1
   1
   1
   1
   1
   1
   1
   1
   1
   1
   1
   1
   1
   1
   1
   1
   1
   1
   1
   1
   1
   1
   1
   1
   1
   1
   1
   1
   1
   1
   1
   1
   1
   1
   1
   1
   1
   1
   1
   1
   1
   1
   1
   1
   1
   1
   1
   1
   1
   1
   1
   1
   1
   1
   1
   1
   1
   1
   1
   1
   1
   1
   1
   1
   1
   1
   1
   1
   1
   1
   1
   1
   1
   1
   1
   1
   1
   1
   1
   1
   1
   1
   1
   1
   1
   1
   1
   1
   1
   1
   1
   1
   1
   1
   1
   1
   1
   1
   1
   1
   1
   1
   1
   1
   1
   1
   1
   1
   1
   1
   1
   1
   1
   1
   1
   1
   1
   1
   1
   1
   1
   1
   1
   1
   1
   1
   1
   1
   1
   1
   1
   1
   1
   1
   1
   1
   1
   1
   1
   1
   1
   1
   1
   1
   1
   1
   1
   1
   1
   1
   1
   1
   1
   1
   1
   1
   1
   1
   1
   1
   1
   1
   1
   1
   1
   1
   1
   1
   1
   1
   1
   1
   1
   1
   1
   1
   1
   1
   1
   1
   1
   1
   1
   1
   1
   1
   1
   1
   1
   1
   1
   1
   1
   1
   1
   1
   1
   1
   1
   1
   1
   1
   1
   1
   1
   1
   1
   1
   1
   1
   1
   1
   1
   1
   1
   1
   1
   1
   1
   1
   1
   1
   1
   1
   1
   1
   1
   1
   1
   1
   1
   1
   1
   1
   1
   1
   1
   1
   1
   1
   1
   1
   1
   1
   1
   1
   1
   1
   1
   1
   1
   1
   1
   1
   1
   1
   1
   1
   1
   1
   1
   1
   1
   1
   1
   1
   1
   1
   1
   1
   1
   1
   1
   1
   1
   1
   1
   1
   1
   1
   1
   1
   1
   1
   1
   1
   1
   1
   1
   1
   1
   1
   1
   1
   1
   1
   1
   1
   1
   1
   1
   1
   1
   1
   1
   1
   1
   1
   1
   1
   1
   1
   1
   1
   1
   1
   1
   1
   1
   1
   1
   1
   1
   1
   1
   1
   1
   1
   1
   1
   1
   1
   1
   1
   1
   1
   1
   1
   1
   1
   1
   1
   1
   1
   1
   1
   1
   1
   1
   1
   1
   1
   1
   1
   1
   1
   1
   1
   1
   1
   1
   1
   1
   1
   1
   1
   1
   1
   1
   1
   1
   1
   1
   1
   1
   1
   1
   1
   1
   1
   1
   1
   1
   1
   1
   1
   1
   1
   1
   1
   1
   1
   1
   1
   1
   1
   1
   1
   1
   1
   1
   1
   1
   1
   1
   1
   1
   1
   1
   1
   1
   1
   1
   1
   1
   1
   1
   1
   1
   1
   1
   1
   1
   1
   1
   1
   1
   1
   1
   1
   1
   1
   1
   1
   1
   1
   1
   1
   1
   1
   1
   1
   1
   1
   1
   1
   1
   1
   1
   1
   1
   1
   1
   1
   1
   1
   1
   1
   1
   1
   1
   1
   1
   1
   1
   1
   1
   1
   1
   1
   1
   1
   1
   1
   1
   1
   1
   1
   1
   1
   1
   1
   1
   1
   1
   1
   1
   1
   1
   1
   1
   1
   1
   1
   1
   1
   1
   1
   1
   1
   1
   1
   1
   1
   1
   1
   1
   1
   1
   1
   1
   1
   1
   1
   1
   1
   1
   1
   1
   1
   1
   1
   1
   1
   1
   1
   1
   1
   1
   1
   1
   1
   1
   1
   1
   1
   1
   1
   1
   1
   1
   1
   1
   1
   1
   1
   1
   1
   1
   1
   1
   1
   1
   1
   1
   1
   1
   1
   1
   1
   1
   1
   1
   1
   1
   1
   1
   1
   1
   1
   1
   1
   1
   1
   1
   1
   1
   1
   1
   1
   1
   1
   1
   1
   1
   1
   1
   1
   1
   1
   1
   1
   1
   1
   1
   1
   1
   1
   1
   1
   1
   1
   1
   1
   1
   1
   1
   1
   1
   1
   1
   1
   1
   1
   1
   1
   1
   1
   1
   1
   1
   1
   1
   1
   1
   1
   1
   1
   1
   1
   1
   1
   1
   1
   1
   1
   1
   1
   1
   1
   1
   1
   1
   1
   1
   1
   1
   1
   1
   1
   1
   1
   1
   1
   1
   1
   1
   1
   1
   1
   1
   1
   1
   1
   1
   1
   1
   1
   1
   1
   1
   1
   1
   1
   1
   1
   1
   1
   1
   1
   1
   1
   1
   1
   1
   1
   1
   1
   1
   1
   1
   1
   1
   1
   1
   1
   1
   1
   1
   1
   1
   1
   1
   1
   1
   1
   1
   1
   1
   1
   1
   1
   1
   1
   1
   1
   1
   1
   1
   1
   1
   1
   1
   1
   1
   1
   1
   1
   1
   1
   1
   1
   1
   1
   1
   1
   1
   1
   1
   1
   1
   1
   1
   1
   1
   1
   1
   1
   1
   1
   1
   1
   1
   1
   1
   1
   1
   1
   1
   1
   1
   1
   1
   1
   1
   1
   1
   1
   1
   1
   1
   1
   1
   1
   1
   1
   1
   1
   1
   1
   1
   1
   1
   1
   1
   1
   1
   1
   1
   1
   1
   1
   1
   1
   1
   1
   1
   1
   1
   1
   1
   1
   1
   1
   1
   1
   1
   1
   1
   1
   1
   1
   1
   1
   1
   1
   1
   1
   1
   1
   1
   1
   1
   1
   1
   1
   1
   1
   1
   1
   1
   1
   1
   1
   1
   1
   1
   1
   1
   1
   1
   1
   1
   1
   1
   1
   1
   1
   1
   1
   1
   1
   1
   1
   1
   1
   1
   1
   1
   1
   1
   1
   1
   1
   1
   1
   1
   1
   1
   1
   1
   1
   1
   1
   1
   1
   1
   1
   1
   1
   1
   1
   1
   1
   1
   1
   1
   1
   1
   1
   1
   1
   1
   1
   1
   1
   1
   1
   1
   1
   1
   1
   1
   1
   1
   1
   1
   1
   1
   1
   1
   1
   1
   1
   1
   1
   1
   1
   1
   1
   1
   1
   1
   1
   1
   1
   1
   1
   1
   1
   1
   1
   1
   1
   1
   1
   1
   1
   1
   1
   1
   1
   1
   1
   1
   1
   1
   1
   1
   1
   1
   1
   1
   1
   1
   1
   1
   1
   1
   1
   1
   1
   1
   1
   1
   1
   1
   1
   1
   1
   1
   1
   1
   1
   1
   1
   1
   1
   1
   1
   1
   1
   1
   1
   1
   1
   1
   1
   1
   1
   1
   1
   1
   1
   1
   1
   1
   1
   1
   1
   1
   1
   1
   1
   1
   1
   1
   1
   1
   1
   1
   1
   1
   1
   1
   1
   1
   1
   1
   1
   1
   1
   1
   1
   1
   1
   1
   1
   1
   1
   1
   1
   1
   1
   1
   1
   1
   1
   1
   1
   1
   1
   1
   1
   1
   1
   1
   1
   1
   1
   1
   1
   1
   1
   1
   1
   1
   1
   1
   1
   1
   1
   1
   1
   1
   1
   1
   1
   1
   1
   1
   1
   1
   1
   1
   1
   1
   1
   1
   1
   1
   1
   1
   1
   1
   1
   1
   1
   1
   1
   1
   1
   1
   1
   1
   1
   1
   1
   1
   1
   1
   1
   1
   1
   1
   1
   1
   1
   1
   1
   1
   1
   1
   1
   1
   1
   1
   1
   1
   1
   1
   1
   1
   1
   1
   1
   1
   1
   1
   1
   1
   1
   1
   1
   1
   1
   1
   1
   1
   1
   1
   1
   1
   1
   1
   1
   1
   1
   1
   1
   1
   1
   1
   1
   1
   1
   1
   1
   1
   1
   1
   1
   1
   1
   1
   1
   1
   1
   1
   1
   1
   1
   1
   1
   1
   1
   1
   1
   1
   1
   1
   1
   1
   1
   1
   1
   1
   1
   1
   1
   1
   1
   1
   1
   1
   1
   1
   1
   1
   1
   1
   1
   1
   1
   1
   1
   1
   1
   1
   1
   1
   1
   1
   1
   1
   1
   1
   1
   1
   1
   1
   1
